,T,freq_sta0,tgt_acc_sta0,n_epochssta0,time_sta0,freq_sta1,tgt_acc_sta1,n_epochssta1,time_sta1,freq_sta2,tgt_acc_sta2,n_epochssta2,time_sta2,round_time,consumption_sta1,consumption_sta5,consumption_sta0,consumption_sta4,consumption_sta3,consumption_sta2,mean_acc,freq_sta3,tgt_acc_sta3,n_epochssta3,time_sta3,freq_sta4,tgt_acc_sta4,n_epochssta4,time_sta4,freq_sta5,tgt_acc_sta5,n_epochssta5,time_sta5
0,18.51862129016701,1.4636584535912514,0.7421617637665672,2.0,8.660985231399536,1.4215475169413234,0.7315944218740509,2.0,11.576952695846558,1.3696937378585405,0.49518518563345,1.0,8.225794792175293,11.576952695846558,0.08583284906282784,0.0,0.0324252075444611,0.0,0.0,0.055316165551594465,0.43250709027051926,,,,,,,,,,,,
1,9.719206843273284,,,,,,,,,1.3565666575275526,0.8713345327521907,3.0,13.29935908317566,16.587294101715088,0.1125416372004836,0.026709902419994602,0.0324252075444611,0.053417902135338924,0.1335163649821225,0.16213658763939998,0.6504790236552557,1.30833426732691,0.8650532101475568,3.0,16.587294101715088,1.3047000001830196,0.8740343275820629,3.0,10.508724927902222,,,,
2,25.14679478609999,1.4599928940720366,0.8679798561147835,3.0,7.347541093826294,1.3234804378427172,0.8735340289444719,3.0,10.640795230865479,,,,,11.675409317016602,0.2212632856464557,0.026709902419994602,0.08774473501780555,0.053417902135338924,0.24033659791215545,0.16213658763939998,0.859400063753128,1.3576839235586504,0.8569560038209582,3.0,11.675409317016602,,,,,,,,
3,19.970369217324816,,,,,1.3408249041441946,0.9266341513123182,5.0,16.32935857772827,,,,,20.791688442230225,0.3547806456938337,0.08583895138793318,0.1201817895612276,0.053417902135338924,0.4005675751838442,0.16213658763939998,0.8894470234711965,1.3465452759730097,0.9352986378061592,5.0,20.791688442230225,,,,,1.679213821219771,0.9365735464610052,4.0,12.41883897781372
4,20.198378025895323,1.6070356620207227,0.9320112436181873,4.0,8.066198825836182,1.3241581168972254,0.9677975556779991,5.0,16.45128297805786,1.3128198619893392,0.9492540294207148,5.0,18.69491147994995,18.69491147994995,0.5207299053379509,0.08583895138793318,0.18505310419963816,0.08012327589572754,0.43299315786472725,0.349074463060583,0.9087247550487518,,,,,,,,,,,,
5,56.14517170420805,1.771653719276879,0.9204611668074474,6.0,10.621781349182129,,,,,1.3160101890837927,0.9602919269887678,5.0,18.873963356018066,18.873963356018066,0.5207299053379509,0.08583895138793318,0.28042415444871516,0.1869448202136783,0.45970470230134985,0.5436389175801825,0.9213802615801493,,,,,1.3217232984070968,0.9233106062779002,4.0,11.485430479049683,,,,
6,53.65828936850758,1.6203382863080367,0.9363000185551694,4.0,8.674151182174683,,,,,,,,,21.26436734199524,0.5474444794780501,0.08583895138793318,0.36626586690429797,0.26705702322670666,0.6523730552078071,0.5703487945671991,0.9301728208859762,1.3000814021300535,0.9588900215942919,5.0,21.26436734199524,1.3128426924249796,0.950941085875222,5.0,13.753751277923584,,,,
7,43.8759712772063,1.8040362876215874,0.9577955699901632,5.0,9.492027521133423,,,,,1.470117223964174,0.9544974128205442,5.0,21.049107551574707,21.049107551574707,0.5474444794780501,0.08583895138793318,0.46545936972761126,0.26705702322670666,0.841228330771461,0.7782773299410376,0.9358039597670237,1.3545135621591582,0.9606886139103175,5.0,20.093823671340942,,,,,,,,
8,38.396869718082435,,,,,,,,,,,,,21.883803367614746,0.5474444794780501,0.1506922197390499,0.46545936972761126,0.3605182380546412,1.011004062989862,0.8107039935234773,0.9406674404939016,1.4045876931605852,0.9556356603528585,5.0,21.883803367614746,1.6943309658130552,0.9602683216211364,5.0,11.799896478652954,1.650010381223628,0.9820952655312417,6.0,12.273597478866577
9,33.9806313002678,1.3093839537319003,0.9616667772213162,5.0,13.374135971069336,1.403716779194325,0.9659657559414371,5.0,15.558913230895996,,,,,23.34717059135437,0.7153020819454253,0.1506922197390499,0.5245920572009322,0.3605182380546412,1.2265417415662903,0.8107039935234773,0.947640617688497,1.3159803334288653,0.9811568427505383,6.0,23.34717059135437,,,,,,,,
10,62.98909002285937,1.5674979283249733,0.9657087988401551,5.0,10.03559160232544,,,,,1.3619061457948747,0.9905802241345855,8.0,29.58190417289734,29.58190417289734,0.7153020819454253,0.1506922197390499,0.6123330329067098,0.3605182380546412,1.41347842481664,1.0815508753738343,0.9552857875823975,1.3028581783101774,0.9674770420731404,6.0,24.44436550140381,,,,,,,,
11,20.241015949485963,,,,,,,,,1.3015037689650522,0.9660844607303214,5.0,21.05578875541687,21.05578875541687,0.7420189673073802,0.1506922197390499,0.6123330329067098,0.46733089513641835,1.5469916265721508,1.295183255136529,0.9607040782769521,1.35587505023618,0.9608221620025879,5.0,17.90444540977478,1.328882379560331,0.9742231553760573,6.0,16.419763565063477,,,,
12,28.221259486871155,1.53134433383547,0.9541961826224108,6.0,4.420929431915283,,,,,1.4153843972271969,0.9729232581822456,7.0,26.530689239501953,26.530689239501953,0.768724110581409,0.1506922197390499,0.6657467068094949,0.46733089513641835,1.5756096762993899,1.581298597888534,0.9633103807767233,1.3524477939431576,0.9574676932260243,5.0,8.278482675552368,,,,,,,,
13,34.31425373544255,1.6826656594045013,0.9664098868058415,5.0,6.554480791091919,,,,,1.4638466562010228,0.9832270767597542,6.0,23.895703315734863,23.895703315734863,0.7954273861211328,0.1773959435350041,0.692450305030123,0.46733089513641835,1.6309232651724237,1.7853873989797404,0.9662091135978699,1.3686642446224424,0.9598580312743179,5.0,8.586163997650146,,,,,,,,
14,85.33729551722928,1.6583711386758828,0.9565042025959531,6.0,4.783666610717773,1.343767719993651,0.983375332052746,9.0,26.273369550704956,,,,,26.273369550704956,1.0701055585054955,0.1773959435350041,0.7191632196684221,0.46733089513641835,1.7148582021120014,1.7853873989797404,0.9672010143597921,1.4442293671091015,0.9614296435670466,5.0,9.814430475234985,,,,,,,,
15,39.37789449415946,1.7849822369721462,0.961007573126069,5.0,5.297523260116577,,,,,,,,,9.659384489059448,1.108253996726123,0.253692754804256,0.7191632196684221,0.539699700615413,1.7530081027288524,1.7853873989797404,0.9693020184834799,,,,,1.9702904733101456,0.9643537653771291,7.0,8.134722471237183,1.9387671012020715,0.9716700731832683,6.0,9.659384489059448
16,21.34068860929092,,,,,1.3077714750253995,0.9627146729612976,8.0,5.592793226242065,1.3345070366167897,0.987112331451521,7.0,28.36309790611267,28.36309790611267,1.1731223802138468,0.2803989265243243,0.7191632196684221,0.539699700615413,1.9933492531440322,2.0257259949702164,0.9695549607276917,1.3075433428541896,0.976267397512917,7.0,26.71359372138977,,,,,,,,
17,106.85317494468518,,,,,,,,,1.465884048480467,0.9833281343364391,7.0,25.129204273223877,25.129204273223877,1.1731223802138468,0.30710705499412017,0.7191632196684221,0.6198122183615431,2.021970326216504,2.27942232151829,0.9717239042123159,1.3674782310955371,0.9636706261949137,6.0,7.885838508605957,1.3287046178343167,0.9704996114112605,6.0,12.107430458068848,,,,
18,27.668826014183452,,,,,,,,,,,,,16.635541677474976,1.1731223802138468,0.3414399218505655,0.7191632196684221,0.7266503688244206,2.0486830373909832,2.27942232151829,0.9718992908795675,1.310012031747985,0.959504784119658,6.0,8.685517311096191,1.3513850918259238,0.9831207408140099,6.0,16.635541677474976,1.7153088681649309,0.9633094622328947,6.0,6.326610326766968
19,30.289286253801386,1.8700792359559355,0.9784753705842757,6.0,8.923747062683105,,,,,1.3108159740666263,0.9768497860602958,6.0,25.32337999343872,25.32337999343872,1.1731223802138468,0.3414399218505655,0.7897548242949437,0.7571734741625433,2.0486830373909832,2.502588427852704,0.9729692538579305,,,,,,,,,1.518788989274925,0.9651398996552328,7.0,5.224165439605713
20,43.12391551502699,,,,,,,,,1.3219368453869298,0.9731612982022759,6.0,9.689419507980347,21.44609308242798,1.1998380304868195,0.36814329276395386,0.7897548242949437,0.9192998441031235,2.075391294615226,2.5865337478054617,0.9735818902651469,1.45410251005598,0.9667583858886084,5.0,8.248858451843262,1.3162576520735367,0.9956654575866468,9.0,21.44609308242798,,,,
21,28.974503380810226,1.4830474048549387,0.9738331376632022,6.0,7.518952131271362,,,,,1.3670932272233982,0.9869450502527197,7.0,29.113068103790283,29.113068103790283,1.1998380304868195,0.3948488779359711,0.7897548242949437,0.9192998441031235,2.262316483749185,2.828771195349795,0.9744478662808737,1.3148385734090016,0.9843585596538432,6.0,25.217164516448975,,,,,,,,
22,28.257611237840308,1.5534304438702398,0.9842956467727345,7.0,10.93207049369812,,,,,1.3153421717862748,0.9817118011553375,6.0,25.31542944908142,25.31542944908142,1.1998380304868195,0.3948488779359711,0.9347169925511007,0.9192998441031235,2.3691300119104497,3.0462181736652707,0.9750704268614451,1.349218729747594,0.9776799675704413,6.0,13.969324111938477,,,,,,,,
23,31.97464396850829,,,,,1.6911212699686835,0.9840784845260855,8.0,19.29449152946472,,,,,22.639655113220215,1.453525571530633,0.42155100263345036,0.9347169925511007,1.0280229358705824,2.628555072195258,3.0462181736652707,0.9760529895623525,1.4658310745942145,0.9826907743212769,6.0,22.639655113220215,1.390848225142882,0.97950123927379,6.0,15.638866901397705,,,,
24,29.517443183392782,,,,,1.9873392845911335,0.9671096168177947,5.0,5.4218010902404785,1.3257412769163164,0.9837589857740134,6.0,25.4869384765625,25.4869384765625,1.4802444454335375,0.42155100263345036,0.9347169925511007,1.0547266326439995,2.655259552622301,3.2712921841040843,0.9770644108454386,,,,,1.3578977078917167,0.9709401647868311,6.0,10.32569146156311,,,,
25,60.530660264366425,1.7648742114246692,0.9754614601915133,7.0,4.222523212432861,,,,,1.399579105871362,0.9766169941768147,6.0,9.045187711715698,19.136327266693115,1.4802444454335375,0.42155100263345036,0.9881276192652333,1.2416498888716503,2.655259552622301,3.3590377488727943,0.9783387780189514,,,,,1.3275256099823156,0.990312654064448,8.0,19.136327266693115,,,,
26,24.28329092367919,,,,,,,,,1.3265580425313523,0.9840657351719637,6.0,20.700686931610107,20.700686931610107,1.4802444454335375,0.47686891352314875,0.9881276192652333,1.2416498888716503,2.735378617770646,3.5478799010199116,0.9776090582211813,1.3037161330494267,0.963533802713616,5.0,9.359815120697021,,,,,1.4948598079319553,0.983159232581451,6.0,9.88070034980774
27,57.67981287240904,,,,,,,,,,,,,19.672557592391968,1.4802444454335375,0.47686891352314875,0.9881276192652333,1.4133283257400548,2.763989166359,3.5478799010199116,0.9793310165405273,1.9018814769554107,0.9802139698462601,6.0,6.45490837097168,1.307130174976972,0.994904329254464,9.0,19.672557592391968,1.6999584753219048,0.9691645653593249,6.0,12.885527610778809
28,70.21817415481301,1.8103993862500176,0.9815757379820181,6.0,5.046691179275513,,,,,1.3035524409725323,0.9927677561635198,8.0,30.166727542877197,30.166727542877197,1.4802444454335375,0.47686891352314875,0.9881276192652333,1.4133283257400548,2.821178448470075,3.8282642242463045,0.9787765343983968,1.5478181028237188,0.9634271247667339,6.0,7.774827003479004,,,,,,,,
29,19.265476053156384,,,,,1.3260735115389026,0.9878989876021713,7.0,21.115747451782227,1.3018796749737667,0.9824823527138037,6.0,10.278921604156494,21.115747451782227,1.6709835130490833,0.47686891352314875,1.0186560337374697,1.4133283257400548,2.908922978434493,3.8816704367492325,0.9796324173609415,1.5182121816600886,0.9813729902273759,6.0,10.477781057357788,,,,,,,,
30,94.96129417875814,1.768143679284944,0.9924075635410488,15.0,19.55765175819397,,,,,1.3373414425733998,0.9737280905734688,9.0,10.26943039894104,19.55765175819397,1.6709835130490833,0.47686891352314875,1.2818753748049314,1.4133283257400548,2.9623390621119263,3.96941827300077,0.9800412356853485,1.3704170529890212,0.9780831336677682,6.0,8.185948610305786,,,,,,,,
31,69.01278215947346,,,,,,,,,1.5327257950683912,0.9787942938965585,6.0,6.638416290283203,15.3881516456604,1.6709835130490833,0.5073753920520478,1.2818753748049314,1.5354062407578453,3.0539217177231386,3.996133707093428,0.9815387626489004,1.5131349254578506,0.9763997220492583,6.0,9.036896705627441,1.5310700246920925,0.983721956983008,8.0,15.3881516456604,,,,
32,59.70628199948485,,,,,,,,,1.3104317179266165,0.9835982265597978,6.0,10.32671070098877,15.32038950920105,1.6709835130490833,0.5073753920520478,1.2818753748049314,1.5659379329050878,3.1607463235357933,4.083905078386778,0.9809648195902506,1.3868863658560906,0.9839425129746804,6.0,15.32038950920105,1.5298491890252433,0.9779478897154087,6.0,5.637164115905762,,,,
33,22.473931564326772,1.4981479024424342,0.9746394990433475,6.0,6.699821949005127,,,,,,,,,30.348650693893433,1.6709835130490833,0.5073753920520478,1.3124033203566352,1.59645574341515,3.4602124250303667,4.114423100308464,0.9808580875396729,1.317901204859707,0.9868965589058262,8.0,30.348650693893433,,,,,1.5790655722186524,0.9780586929760304,6.0,6.501620531082153
34,158.83463398645708,,,,,,,,,1.3560744216521392,0.9668887462983654,19.0,9.048173189163208,19.288230657577515,1.6709835130490833,0.5073753920520478,1.3124033203566352,1.7089947641980472,3.486917197936659,4.171645842680924,0.9822391172250112,1.6330499516816719,0.9740324195203189,8.0,7.820835590362549,1.3363616959547726,0.9911777008451442,7.0,19.288230657577515,,,,
35,120.00035487175403,,,,,1.850969282058135,0.9850632846703371,7.0,15.485259532928467,1.3268687479325298,0.9755637842240565,6.0,8.861836194992065,15.485259532928467,1.9151298581735179,0.5340812204269132,1.3124033203566352,1.7356984864044391,3.486917197936659,4.207900582704809,0.9818792641162872,,,,,1.379840090701619,0.9665124751348967,6.0,6.489295482635498,,,,
36,80.6426304737645,,,,,,,,,1.3853594129320703,0.9870372704683448,14.0,10.77562141418457,10.77562141418457,1.9418332100121733,0.5340812204269132,1.339113273642587,1.7624031687057466,3.513620440095597,4.2613298120526295,0.982881098985672,1.3335516727910142,0.9740677490903713,6.0,8.566358804702759,,,,,,,,
37,96.31907676349863,,,,,1.5140627681736512,0.9833094516989734,6.0,5.718820333480835,1.3212929688787751,0.9830895815794868,7.0,8.294066905975342,8.294066905975342,2.0276676565839185,0.5340812204269132,1.339113273642587,1.7891063504613611,3.513620440095597,4.318551181044292,0.9822100202242533,,,,,1.436699945929592,0.98060900275497,6.0,6.732225656509399,,,,
38,89.35849144089553,,,,,,,,,1.3531676910855779,0.9816704189122207,6.0,7.702902317047119,26.597594022750854,2.0276676565839185,0.5340812204269132,1.339113273642587,1.7891063504613611,3.809265867734819,4.387229645552118,0.9827157358328501,1.4823190368731778,0.9914479642068457,7.0,26.597594022750854,,,,,2.0204253533074525,0.9683478150334475,7.0,5.952192068099976
39,115.889499025866,,,,,1.9706850257306294,0.9766089457263245,11.0,3.747767686843872,1.3329354653408954,0.9681014989286929,5.0,8.231839418411255,18.90097212791443,2.0677229211865042,0.5340812204269132,1.3677289199534268,1.9302522670211757,3.837873284887788,4.413942127829799,0.9827741086483002,,,,,1.440997432754067,0.9882422684457635,8.0,18.90097212791443,,,,
40,36.76691553373397,,,,,,,,,1.481140053640063,0.9804337142630457,6.0,8.44412112236023,16.555394649505615,2.0677229211865042,0.6256433182442724,1.3677289199534268,1.9302522670211757,3.988558345243593,4.473078933855959,0.9831533928712209,1.557927136631625,0.9871589131180016,7.0,16.555394649505615,,,,,1.5475875732474333,0.990864022093173,7.0,9.978846311569214
41,39.27510761410895,,,,,,,,,1.3210301009290781,0.9792821876345533,6.0,6.887377023696899,8.299114227294922,2.0677229211865042,0.6523465937839963,1.3677289199534268,1.9569654820865252,4.015264807853345,4.503596121258063,0.9833188454310099,1.3286027879863809,0.9810914621788791,7.0,8.299114227294922,,,,,,,,
42,50.184479665042375,,,,,1.3926638625373862,0.9834263073489267,6.0,7.656038761138916,1.3525278857750513,0.9790432608500819,7.0,8.776354551315308,8.95852017402649,2.094412184745035,0.6523465937839963,1.3944323719344336,1.9569654820865252,4.095377902610156,4.557016863939104,0.9830077687899271,1.3843886961270468,0.9752498131252557,6.0,8.95852017402649,,,,,,,,
43,112.87904460641367,1.6095867007496627,0.9818713245887295,6.0,6.805086374282837,1.3296636374458866,0.9821725166654011,6.0,6.661705017089844,,,,,7.389392137527466,2.1592617478292015,0.6523465937839963,1.4211357905346542,1.9569654820865252,4.095377902610156,4.557016863939104,0.9832119246323904,,,,,1.6421440192987002,0.9809478934161878,7.0,7.389392137527466,,,,
44,64.72463224179552,,,,,,,,,1.3691080283589856,0.9727483862135665,6.0,7.288721323013306,18.486390352249146,2.1592617478292015,0.6809609954684821,1.4211357905346542,1.9836690596428581,4.228894458339614,4.616145666525071,0.9833868145942688,1.326633983201749,0.9883817811323196,8.0,18.486390352249146,1.4486892013545658,0.9826140676991407,6.0,6.803940296173096,,,,
45,49.57265327367445,,,,,,,,,1.3707675488485318,0.9764227406673323,6.0,6.888380527496338,10.65923261642456,2.1592617478292015,0.7076666839619681,1.4211357905346542,1.9836690596428581,4.282301106382281,4.671465003251079,0.9837079644203186,1.3758524915630401,0.9857318410151445,7.0,10.65923261642456,,,,,1.5113612848921227,0.9811408010399513,7.0,6.285698175430298
46,78.75680670516948,,,,,,,,,1.3314841451134851,0.9840121571663609,6.0,7.233893871307373,18.860639810562134,2.185967484009527,0.7076666839619681,1.4211357905346542,2.1171977977686693,4.335712965006277,4.701988836608187,0.9837955335776011,1.3748911357396822,0.979179238491251,7.0,7.900490045547485,1.3039625659552465,0.9908870693537575,7.0,18.860639810562134,,,,
47,120.7268339144466,,,,,2.0804494848140496,0.9875734481500247,10.0,11.643673658370972,1.4286052640315647,0.9950729368373051,9.0,32.16999077796936,32.16999077796936,2.3729095558720448,0.7401054917912977,1.4211357905346542,2.1782400933558974,4.368148337794043,5.060587746382723,0.9840095241864523,,,,,1.6564455576969985,0.9828382935974611,7.0,6.302842855453491,,,,
48,69.81549726363181,,,,,1.8317009876584285,0.980892538796996,7.0,4.459302186965942,1.3336192631832569,0.9862231071783547,7.0,7.306963205337524,7.306963205337524,2.433958392503239,0.7668166293002732,1.4497464392653594,2.1782400933558974,4.368148337794043,5.123531867592661,0.9843596120675405,,,,,,,,,1.4023145075782792,0.9810173805542656,7.0,6.5004894733428955
49,77.6017546159184,1.516018264830047,0.9809836216705524,10.0,5.719285011291504,,,,,1.300571042054408,0.9841452949135275,7.0,7.690123081207275,19.577279090881348,2.433958392503239,0.7668166293002732,1.4497464392653594,2.38805430759068,4.398666305670655,5.209373769206017,0.9846610923608144,,,,,1.5037777518712452,0.9924605818437044,9.0,19.577279090881348,,,,
50,79.91265869165723,,,,,1.3010570351878419,0.9796026255193335,6.0,7.913292169570923,,,,,14.618736505508423,2.464479982989619,0.7668166293002732,1.4497464392653594,2.414761588824406,4.4787937191939555,5.23607712422379,0.9838246405124664,1.376620900191678,0.9884572272405505,9.0,14.618736505508423,,,,,,,,
51,40.315081522571795,,,,,,,,,,,,,28.40356731414795,2.464479982989619,0.7973509855519372,1.4497464392653594,2.414761588824406,4.734381853950605,5.270410531531006,0.9849822421868643,1.419095886265175,0.9908767148716651,7.0,28.40356731414795,1.582212698032227,0.9814993250518411,6.0,6.508533716201782,1.7847748786389328,0.9792132000833826,8.0,5.916241884231567
52,173.53074667664637,,,,,1.3002329765004472,0.9825209764723317,6.0,7.118974447250366,1.3218098787227683,0.9793276830941031,8.0,7.452810764312744,7.452810764312744,2.4988165916729232,0.7973509855519372,1.4497464392653594,2.4414850470215597,4.761090572147577,5.323818168280688,0.9851085940996805,,,,,,,,,,,,
53,29.381683814829913,,,,,1.4109110546183952,0.9801859949950745,6.0,6.3664634227752686,1.3070422847061898,0.9819480286258336,8.0,7.106753349304199,8.951950788497925,2.5255268040573386,0.7973509855519372,1.4497464392653594,2.4681881858590216,4.814499084745432,5.379132489941405,0.985663096110026,1.304618859160919,0.9819317104964653,6.0,8.951950788497925,,,,,,,,
54,28.38824002983199,1.3528613639067923,0.9943011050724441,8.0,14.860225439071655,,,,,1.3327875950698997,0.9843145560154278,7.0,9.020317792892456,14.860225439071655,2.5255268040573386,0.7973509855519372,1.5565702137375492,2.4681881858590216,4.869820931388443,5.432553618885798,0.9843015770117441,1.4016986134811629,0.984227358330474,7.0,10.120096921920776,,,,,,,,
55,81.87731926716458,,,,,,,,,1.3592367509925836,0.9779140086366594,7.0,7.047978639602661,32.133196115493774,2.5655817888971657,0.8374107184108159,1.5966390516024713,2.4681881858590216,5.241788183630572,5.461172412527638,0.9850698014100393,1.5029319777679249,0.995436959068472,9.0,32.133196115493774,,,,,2.083771443700975,0.9797288805731078,6.0,5.095618963241577
56,85.3863416000896,1.8069162484856034,0.9957735678734039,9.0,12.497051477432251,,,,,1.3333839716901121,0.989093478461996,8.0,7.2548909187316895,12.497051477432251,2.594193780807007,0.8660209252435256,1.7454230779370103,2.4681881858590216,5.2971038627764635,5.497415203820644,0.9850506484508514,1.4166786631463624,0.9902358804169575,7.0,7.080189943313599,,,,,,,,
57,186.8969155916904,,,,,1.8569733931185535,0.9828622768408138,13.0,5.172018051147461,1.300251906699876,0.9827354636647577,8.0,7.348121404647827,8.826397895812988,2.649510819027643,0.8660209252435256,1.7454230779370103,2.4948955640559674,5.377219775825122,5.5336563403805386,0.9849529763062795,1.35248719963279,0.9886780553727155,15.0,8.826397895812988,,,,,,,,
58,39.372766196001436,1.775852548480072,0.9842696903564387,8.0,6.9987711906433105,1.4313041809109472,0.9919103551065054,7.0,20.121078491210938,1.5305256372225664,0.9739672545197163,6.0,7.244996786117554,20.121078491210938,2.886029135373906,0.8660209252435256,1.7758310990506825,2.5254324763218974,5.377219775825122,5.562274797035421,0.9850113491217295,,,,,,,,,,,,
59,106.1422151709251,1.4019269563127408,0.9953730938898627,10.0,15.563483953475952,,,,,1.4367187353700552,0.9812017691056059,6.0,6.691196918487549,15.563483953475952,2.886029135373906,0.8660209252435256,1.8921840809723616,2.5540461515769564,5.403923385172671,5.646202024603603,0.9853130976359049,,,,,1.3696496728856677,0.982683392101621,6.0,8.601802587509155,,,,
